taxid
1871037
1977087
2183156
2183155
2182662
2182662
2182662
2183166
1913989
2182722
2182722
2183166
744980
744980
744980
744980
744980
2026760
744980
744980
744980
744980
744980
2182702
2183121
2183170
1977087
2026760
2183173
2183155
2183156
1871037
2182690
2182702
2182728
2183149
2026739
2026760
2182662
2182662
2182682
2183167
2183170
2182726
1977087
1811664
1811661
1977087
2183176
2183159
2182702
2183173
2182662
2183156
1871037
2182690
2026760
2182722
2182722
2026760
1871037
2182702
2182662
2183141
2183140
1811664
2183172
2183181
2183177
2024836
2182824
2183166
2183174
2183171
2183173
2183172
1871037
2183167
2183141
1977087
2182702
2182686
2183170
2183178
2182662
2182662
2183177
2183170
2182722
2182722
2182702
2183159
1871037
2183177
2183181
1913989
2182702
2182662
1120999
394935
396808
2183171
1986648
2183193
2183169
2024853
2183167
2183177
2183177
2182702
2182702
1871037
2182662
2026739
1913989
1811661
2026739
2183176
1904441
360106
983328
2183183
2183177
2183177
2183171
2182662
2183161
1811661
1977087
2183176
2026739
2183159
2026796
2183181
2026788
2182702
1298608
2183177
2183154
2183172
2183176
1871037
2182662
2183181
2182715
2182715
2182824
2183268
2182702
1977087
1811664
1811661
1951045
2183181
1811661
1977087
2182987
2182702
614083
2183176
2183172
2182662
2021391
2183156
1948805
2183171
2021391
2183181
1811661
1977087
1811664
1977087
2182662
2182702
2183138
2183172
2182705
2183176
2026769
29503
1121411
2182690
2183117
2182705
2182705
1811664
1977087
1811661
2182702
396808
1120999
2182662
2182705
2183117
2021391
1986714
2183200
2183182
2183181
913337
2183175
2182702
2183174
2183182
2182662
2021391
1871037
2183161
396808
1120999
2182699
1977087
2183126
2026760
159290
2183169
2183139
2182702
2021391
1871037
1986638
2182662
2183167
1977087
1811661
1913989
2183141
2182722
1218565
2183166
2183243
2182702
2182722
2183174
2182705
2183169
2183179
1811664
2182702
1009415
2183158
2183161
2182670
1871037
2021391
2183147
2182674
2182662
2183170
2026739
2182662
1811661
2183167
2021391
2183243
2183164
43657
2182702
2183178
2182719
2183161
2183173
1811661
1871037
2183179
2182702
2182702
2183171
2183181
2182662
237368
1913989
2182705
2183174
1953152
2183158
2183174
2183158
1871037
2182702
2182702
2182702
2026760
2183179
2026774
2182662
1977087
1811661
2183200
2026792
1229486
2183177
2026760
2182702
1871037
1977087
1977087
2182662
2183167
2026724
2183154
2183154
2183167
2183166
2026724
2026760
1811664
2182702
2182702
2183154
1871037
1871037
2182662
2026724
1986780
2183178
2183174
2183167
1120999
396808
2183181
2026774
1913988
2183167
1811664
1986780
2183154
2183158
2024893
2182702
2026774
1871037
2182662
1986846
2183168
2182662
1811661
2182702
2183167
2183166
1871037
2026774
314277
2183156
2183174
2026760
2183154
1121947
241555
1950903
1950874
1951986
1156417
2182722
1871037
2183175
2182702
2183158
2183159
2183169
2026774
2182662
1811664
76112
2183166
2182728
2182662
2183181
2182702
2021391
1811664
2183159
2026774
2183154
2183158
2182728
317025
2183177
2183179
2183170
2183166
1977087
2183181
2183166
1913988
1913989
2024893
1948185
2183158
2182662
2183161
2021391
1948809
2182663
2182702
2182702
1811661
2183178
2182702
2182702
2182662
1871037
1913989
2183173
744980
744980
744980
744980
744980
2026803
2183173
2183152
2026774
2182711
2026760
1811664
2183169
2182662
2182702
2183144
2182702
1913989
2183137
1871037
2183170
122
2183224
2183166
2183166
2183178
1811664
1811661
2183156
1871037
2182702
2182722
2183167
2182662
2182662
2182662
2182662
2182662
2182662
2182662
2182662
2182662
2026760
2183144
2026788
2183183
2026760
2182662
2182662
2182702
1986846
1986638
1871037
1986648
2183166
2183141
2026760
1977087
1811664
1811661
2026767
2183181
2182702
2183161
2026739
2182711
2182686
2182722
2182722
2182662
2182662
2182662
2021391
1913989
2183170
1811661
1977087
1811664
1871037
2183174
2026754
2183158
2183171
2183183
1986873
2183178
1977087
2182682
2182702
1913989
1871037
2183155
1913988
1871037
290315
2182662
2182662
2182662
2182662
2182662
2182662
2182702
1811664
1811661
2183178
2182725
1986873
2183173
2183138
2183182
1913989
2026774
1871037
2182662
2182662
2182662
2182662
2182662
2182662
2182662
2182662
2182662
2182702
1986726
2183183
2183156
2182705
2182662
2182662
2183173
2182728
1453352
2183173
1871037
1913989
2026760
2183182
2183171
2182702
2183173
247634
2182662
2183174
2183178
1913989
1811661
1977087
1811664
2182670
2182670
2183156
2183159
2183200
1986772
2026760
2182662
2182728
1811664
2026760
2183173
2183182
1986873
247634
2182662
2183173
2182702
2183161
2183146
2183169
2183144
2183158
2182702
2182702
2183182
2183176
2183173
1977087
2182690
1913989
2026739
2183173
2182662
2021391
2026760
2182662
2182662
2182662
2183172
2183182
1811664
2183173
2183142
2183156
2182702
2026774
2183167
2026760
543769
2183154
1986873
2183173
1871037
2182662
2182702
2182702
2183172
1913989
2026774
283165
283165
2026760
2183182
2183171
2182702
1904441
2183154
1977087
2183173
2183165
1986873
2183182
2182662
2182662
2182662
2182662
2182662
2182662
1871037
2183159
2183180
2183173
1913989
2183171
1871037
2183182
1986772
2182702
2182662
2182662
2026739
1947402
2183145
2183167
2183170
2183154
2183158
2183119
2183117
2183120
1811661
1871037
1986873
2182662
2183182
148813
709032
2183154
1986741
2183158
1915626
2182702
2183174
2183179
2182702
1811661
2183158
2183148
2183171
1986772
2183173
2183182
2182662
1871037
91352
2183160
2182670
2183166
2026760
2183161
2182662
2182702
939714
1986873
2183154
2026760
2021391
1871037
744980
744980
744980
744980
744980
283165
283165
1811661
2183181
2183174
2183158
2182662
2182702
2182702
1913989
2183182
2183171
2021391
2183144
2183158
2182664
2182705
2183177
2183166
2183146
2182662
2026760
2182702
2182662
2024894
1977087
1977087
1811664
1913989
2183156
2021391
2026760
2183183
2183166
1315313
1913989
1871037
2182662
1977087
1811664
1811661
2182702
2182702
351605
2183169
2183166
2182707
2182705
1986761
2182726
2182726
2182690
2183183
2182702
2183146
2183182
1811661
2183166
2183173
351605
2183154
2021391
1871037
2026788
2183144
2182705
2182662
2183172
2183172
2026795
2182702
2182670
2183158
1811664
2182662
2182722
2182722
1961422
283165
283165
2182711
2026754
2021391
2182702
2182662
1986846
2182722
2182722
2183177
2183172
1946413
1811661
2183167
2182696
2183161
2183173
2183144
1871037
2182702
2182670
2183169
2183200
563040
202747
2182722
2182722
2183144
2183169
2183200
1913989
1811664
1913989
1913989
1986762
2183160
2182702
1811661
2182670
1871037
2183129
2183128
2183172
202747
563040
1986780
1986873
2183160
2183174
2183169
2183174
2183172
2021391
2183173
1986723
2182702
2183173
2183174
2183168
929558
1986873
2183200
2183172
1977087
2183129
2182723
2182682
2183174
1986772
1913989
2182702
2183160
2183143
1913989
2021391
2183165
2183167
2183167
1986873
2183177
2183179
2183152
2183168
2183178
1871037
1811664
2183174
2183173
2183168
2183181
1986873
2182670
2182702
2182702
2182702
2182674
2182722
1986761
2183166
2182702
2182722
2182722
2182719
1986873
1088540
2183141
1811664
1913989
2021391
2182702
2183177
2183179
2183249
2183147
2182662
2183141
1871037
2183173
2183174
2026774
2183181
2183161
2182702
2183200
1811661
1977087
1913989
1913989
2183177
2183179
2182662
2183166
2183141
1977087
2183166
1913989
2183181
1871037
2182702
2182702
2182702
2183161
2183172
2183179
2183173
2183181
2182702
2183169
2182670
2183200
2183168
2182662
2182662
1871037
1811664
1977087
2026724
2026760
1977087
1871037
2183181
2183168
2183179
2183141
2182662
2182674
2026770
2183126
2182702
2183172
2026803
1811661
1871037
2182662
2183172
2183166
2182702
2026803
2183172
2026767
2183167
2183156
2183182
2182722
2182722
2182670
2182670
2182662
2182662
2182662
2182662
2183141
2182682
2183128
2183130
2183129
2183133
2182682
2182682
1986680
2182726
2182662
2182670
2183115
2182719
2182690
2021391
2182662
2182726
758847
1088540
2183167
2183169
2183174
2182702
2182674
1811664
1977087
1811661
2183179
2183182
2183154
1871037
2182662
2182662
2183169
2183169
2182722
2182722
758847
1977087
1913989
1811661
2182702
1986772
2183128
2183126
2183173
2182670
2182726
2182662
2183169
2183166
1871037
1913989
1986638
1986726
2026760
2182702
2183174
2183170
2183181
2183166
2182662
2182662
2183166
2183174
2021391
2183182
1913989
2182670
1986638
2183169
2182702
2026760
1869227
1871037
2182702
1913989
1811664
2182723
2183173
1986638
2182820
744980
744980
744980
744980
744980
283165
283165
2183166
2183167
2183189
1913989
2182670
2183130
2183141
2182726
2183129
2182670
2182670
2182670
2182670
2182726
1977087
2183174
1871037
1986659
2183126
2182690
2182702
2183114
2183173
1913989
1811664
2182702
1871037
1913989
1986638
744980
744980
744980
744980
744980
283165
283165
2183116
2183173
2026774
2182702
2183181
1871037
2183126
1986868
2026788
2183200
1986714
2183173
1913989
1913989
1811661
1977087
2183173
1871037
2182702
1811664
1811661
2026788
1913989
1986868
2182713
2182713
1913989
2183173
1913989
1871037
2026754
2182702
2026788
979226
1871037
2183173
2182690
2182702
1977087
1913989
1915554
2182719
1871037
1913989
1977087
2182686
2183173
2182702
2183182
2182709
2026760
2182722
2182722
2183177
1811664
2182674
2182732
1871037
2026760
2182702
1977087
1811664
2026760
1871037
2182702
2026760
2183174
2183173
1986714
2026760
1871037
2182711
2026760
1913989
1811664
1811661
2183182
2182713
2182713
2182702
2182702
2183124
2183182
1871037
1811664
1811661
2182702
2182702
331678
2183166
2026760
2026760
2182702
2183182
2021391
2026760
1811661
2026739
1917430
1917431
1913989
2182662
1811664
1871037
2182678
2183166
2026760
2026760
2183181
2183113
2182662
2182702
2182662
1871037
2183166
2182702
2026788
2183182
2183181
1871037
1811664
1913989
1977087
632245
1871037
1977087
2183181
929558
2182728
1913989
2183147
2182702
2182702
1871037
2183181
2183160
1913989
2026739
1811661
1811664
1913989
2183224
2182702
2183183
2183200
1871037
2183193
2182705
1811664
2183169
1811664
2182702
2183160
1871037
2183181
2182722
2182722
2183167
1986772
2182702
2183167
2183166
1871037
1811661
1871037
2183170
2026788
2183182
2183167
1871037
2183182
2182702
1871037
2182722
2182722
2183171
1913989
1811661
1977087
1977087
2182702
2183156
2183166
2183177
1871037
283165
283165
1811661
2183180
2182705
2183177
2021391
2182722
2182722
2182702
2183180
2183180
1977087
1811664
1811661
2183173
2183170
2183166
2182702
1811661
2183169
2183171
2183180
1913989
2183180
2021391
2183169
1977087
2182702
2183180
2021391
2182705
2182690
2183174
2183177
2183177
2182702
2021391
2183180
1913989
2183180
1913989
2183170
2183180
2021391
2183170
2182702
2182702
1871037
2182702
1913989
2182705
2182705
2183180
2182705
2182705
2182705
1913989
2182702
1871037
2182705
2182705
2182722
2182722
1951931
1913989
1986762
2182702
1871037
2182702
2183180
2183177
2183179
1122201
404770
1811661
2182702
2183187
1871037
2182705
2182705
2183193
2182719
1913989
2183161
2182702
2183167
2182705
2182722
2182722
1871037
2183177
1811664
1871037
2182702
2183170
2183177
2183166
2183177
1913989
1986762
2182702
2183169
2183165
2183179
1871037
2183166
1811664
2183177
2183170
2183161
2182702
1871037
2183177
2183177
2183180
2183177
2183177
2182702
1871037
2183169
2183170
1811664
1913989
2183174
1811664
2183165
2182702
2183177
1871037
1913989
2183165
1913989
1986872
2182702
1871037
2183165
2183172
2183165
2183172
2183170
2183165
1871037
2182702
1977087
2183180
2183165
1811661
2182702
2183173
2183174
2183163
1871037
2182980
2182705
1871037
1811664
2182702
2183166
1898112
2183179
2182699
1913989
1811664
1871037
2183166
2183166
2183170
2183174
2183165
2183177
2183171
1913989
2026760
2183166
2183180
1977087
2183171
2183172
2183179
2183182
1871037
1871037
2183180
1811664
2183165
2183179
2183177
1871037
2183165
2183174
1811661
1871037
2183165
1811664
2182722
2182722
2183166
2183174
1871037
2183180
1977087
1811661
1811664
1811661
1811664
1913989
1977087
2183174
1871037
1913989
2183180
1977087
1871037
2183165
1913989
2183172
1871037
1913989
1913989
2183182
1951882
1913989
1871037
1913989
2183179
2182722
2182722
2183182
1811664
1871037
2183171
1871037
2183180
1913989
2183166
2182705
1871037
1913989
1913989
1871037
1811661
2183166
2183164
1913989
2183165
1871037
2183171
1811661
1871037
2183181
2183182
2183165
1871037
2183174
1977087
2183169
1871037
2183165
1977087
2183169
2183174
1913989
2183179
2183172
1871037
1986868
2183175
2183169
1913989
1871037
2183182
1871037
2182705
2182705
1811661
2183165
1871037
1977087
2183169
2183174
2183172
2021391
2183169
1977087
1977087
1811661
1811664
1913989
1811664
1871037
2183171
2183176
2183180
1977087
1811661
2183166
1871037
2021391
237368
1811664
2183166
1871037
1811661
1913989
1977087
1913989
1871037
2183166
2183165
1871037
2183165
1871037
1871037
2183165
2021391
1871037
1871037
1871037
1871037
2021391
1871037
1871037
2021391
1871037
1871037
1871037
1871037
2021391
1871037
1871037
1871037
1871037
2021391
1871037
1871037
1871037
1871037
1871037
2026760
1871037
2026760
1871037
1871037
1871037
1871037
1871037
1871037
1871037
1871037
1871037
1871037
1871037
1871037
1871037
1871037
1871037
1986714
2026724
2026724
2021391
1986726
2026724
1548147
2026724
2026760
1295642
1951769
1042163
944559
1986719
2182750
2026771
1913989
32024
32024
32024
1872629
2183229
1986719
1871037
1871037
1871037
1871037
1120965
226504
2021391
2183154
2183154
1871037
1986718
1871037
2183172
1811664
2183126
2183115
2026760
2183172
2182670
2026803
2183156
1986761
2183179
2183172
2183122
2182719
1986638
2183177
2183126
1986638
2183116
1986714
1811661
1811664
2183170
2183121
2182711
2183172
2183177
2183116
2026739
2026788
1811664
1913989
2182719
2182719
2183174
2183177
2182719
2183122
2183172
1898112
2026739
1913989
2183132
2183131
2183133
2183134
2182682
2182682
2182682
2183170
2183116
2183177
2183172
2183123
1986723
2182690
2183128
1986792
744980
744980
744980
744980
744980
1977087
1811664
1913989
1811661
1898112
2183169
2183172
1811661
2182690
2183122
2182670
2183166
2183123
2183171
1913989
2182719
2182719
1977087
2183177
2182690
2183122
1950197
1950200
1950199
1950215
2183171
2183166
2183172
2183120
2183173
2183113
2182719
1913989
2182662
2183165
744980
744980
744980
744980
744980
2026803
2183169
2183179
2183180
1913989
2026803
2182721
2183165
2183125
2183120
2183114
2182690
2183169
2183172
2183171
2183179
2183114
2183165
2183122
1913989
2183121
2183117
2182686
2183177
2182674
1913989
2183172
2183174
2183172
2183120
2182711
2183124
2182674
1986871
2182670
2182670
2183115
2183170
2182719
1913989
1986762
1913989
2182674
2182690
2183121
2183116
2183118
744980
744980
744980
744980
744980
1986871
1913989
2183170
1811661
2183126
2183172
2182674
2183124
2183129
2183130
2183125
2183167
2182670
2183168
2183115
1913989
2182674
2182717
2182670
2182670
2183113
2182690
2183169
1913989
2183124
2183177
2182717
1811664
2183169
2183172
2183172
2183124
2182674
1913989
2182717
2183115
1913989
1986762
2183126
2183134
2183129
1871037
2182705
1913989
2183114
2182674
2182702
2182717
2183116
1811664
2182705
2182674
2183172
2183126
2183123
2182717
1913989
2183181
2182674
2183169
2182705
2183126
2183172
2183114
2183165
2183113
2182719
2182717
1811664
1913989
2183179
2182674
1811664
2183126
2183172
2183116
2183123
2182705
1913989
2182717
2182717
2182674
1913989
1986872
2182717
2183123
2183179
2183173
2183166
2183166
2183126
2183120
2183114
2183126
2183165
2182662
2183169
2183116
2182674
1977087
2183169
2183172
2183126
1811661
2183169
2183127
2183129
2183120
2183172
2183165
2182674
1811664
2183169
2182674
2183126
2183165
2182662
2183125
2183125
2183171
2183126
1913989
2183169
2183169
2182682
2182674
2183127
2183167
2183120
2183165
1913989
2182662
2183116
2183172
2182674
2183124
2183193
2183128
2183169
1977087
2183172
2182705
2182723
2182717
2183165
2182674
2183120
2183126
2183169
2026782
2183124
2182722
2182722
2183114
2182674
2183172
2183123
2183171
1811664
1811661
2183245
2182717
2182717
2183171
2182721
2183124
2183123
2183169
2183113
2182719
2182717
1811661
2183172
2182705
2182705
2183116
2183171
2183172
1811664
1811661
2182717
2183126
2182711
2182705
2183119
2183172
2183179
2183114
2183172
2183172
2183134
2183129
2183171
1977087
1811661
1811664
2183124
2182705
2182717
2182674
2182717
2183124
2183114
2183166
2182674
2183172
2182717
1811661
1913989
1811664
2183172
2182705
2182705
2182705
2183126
2182662
2182662
2182717
2182670
2182670
2183113
2183172
1977087
2182705
2182705
2183167
2182674
2183172
2183172
1913989
2182674
2183174
2183172
2182705
2182705
2183129
2183130
2183126
2182670
2183114
2182719
1913989
1811661
2183169
2182690
2183169
2183126
2182690
2183121
2183116
2183165
2182705
2182721
1913989
2183120
2182705
2183165
2182674
2183126
2183169
2182690
2183172
2182670
2182670
2183115
2183171
2183169
1811664
2183172
2183114
2182674
2183126
2183179
2183165
2183121
2182690
2182705
2183172
2183172
1913989
2183165
2182690
2182723
2182674
2182674
2183126
2183120
2182721
2183113
2183169
2182662
2183125
2183126
2183172
2182705
1913989
2183165
2183114
1977087
2183126
2183172
2182690
2183165
2182662
2183177
2182674
2183171
2183165
2183126
2183172
1913989
2183172
2183114
2182690
1904441
2182705
2183120
1811661
2183169
2182719
2183165
2182690
2183122
2183161
1904441
2183126
2183172
2182674
2183123
1977087
2183165
2183126
2182705
744980
744980
744980
744980
744980
2183169
2183132
2183131
2183133
2183134
2182682
2182682
2182682
2183172
2183169
2183121
2183119
2183165
2183122
2182674
2183126
2182705
1977087
2183179
2183170
2183126
1913989
2183123
2182674
2182711
2183165
2183126
2183172
2182705
2183169
1913989
2182690
1986638
2183115
2183165
2183169
2183126
2183171
2183172
2183165
2183172
1811664
2183116
2182690
2182690
2183167
2026803
2183170
2183124
2183165
2183169
2183126
1913989
1811661
2183118
2183130
2183170
2183115
2183172
2183165
2183167
2182662
2183172
2183177
2183126
1977087
1913989
1811664
1977087
1811661
1946908
1811664
2183126
2183115
2183115
2183169
2183165
2183172
1986756
2183134
2183132
2183131
2183172
1977087
2183172
2183126
2183179
2182662
2183125
2183115
2182727
2183115
2183172
1811664
2024836
2182662
2183170
2183113
2183117
2183177
2182670
2182670
2183172
1913989
1811661
2183170
2026728
287
287
287
287
287
287
287
287
2183177
2183179
2183124
2182670
1913989
2183165
2183124
2183166
2183167
2182726
2182678
1395571
2183130
2183165
2183124
2182690
2183115
1811661
1811664
1898112
172088
398525
2182670
2183171
2183165
2183169
2183124
2182670
1811661
2182719
2182719
2183170
2183172
2183165
1913989
1913989
1986846
2183172
1913989
2183124
1811661
2182711
2183172
2183169
2183118
2183124
2183126
2182719
2182690
2183170
2183172
2182711
2183172
2183171
1977087
2182702
2183165
2182690
2182702
2183126
2182702
2183115
2183118
2182690
2183124
2182690
2183117
2183113
2183124
2183165
2183122
1811661
1977087
1946047
1946045
1946044
1946046
1946049
1946048
2183172
2183168
2182690
2182690
2183118
2183126
2183122
2183124
2183169
1811664
2182662
2182670
2183171
2183126
2183130
2183129
2183170
2183149
1811664
2183124
2183172
2183123
2183173
2183170
2183169
2183121
2183127
1986727
2183169
2183123
2183123
2183124
2182662
2183169
1811661
1913989
2183172
1913989
2183172
2183124
2183123
2183123
2183172
2183167
2183165
904296
2183124
2183172
1811661
2183172
2183126
1946346
2183179
2183125
2183126
2183115
2183126
2183170
2183169
1811664
2182662
2183123
2183165
2182721
2183121
2183169
2183174
2183126
2182690
1811664
2183191
2183165
2182702
1811664
2183169
2183200
2182702
2182690
2182690
2183118
2183126
2183122
2183124
2183165
2182702
1811664
2182702
2182702
2182690
2183140
2183126
2183169
2183169
2182702
2182702
1913989
1811664
2183165
2183126
2182678
2182678
2183167
2183124
2182702
2182702
744980
744980
744980
744980
744980
283165
283165
1913989
2182678
2182678
2183173
2183165
2183124
2182702
2182690
2182702
2182702
2183120
2182702
2183126
1986727
2183122
2183120
1986727
2182702
2182717
2183126
2183177
1986788
2182717
2183124
2183165
2183133
2183134
2026724
2026724
2183124
1986788
2026803
2182717
2183165
2182722
2182722
2183124
2182702
2182723
2183124
2183165
2182713
2182713
2182662
2183172
2183126
1986714
2183168
2183120
1986714
1913989
2021391
2182662
1986714
2183162
2183170
1898112
1986727
2183179
2183175
1986868
2182724
1986727
2183166
1986868
2183175
2183123
1986868
2183175
2183126
2183166
2183139
1986868
2183175
1986788
2183116
2183175
1986868
1986788
2183129
2183175
2183173
2183126
2182702
1986788
2183182
2183182
2183121
1986727
2183179
2183165
2183217
2183126
2183120
2182702
2182702
2182662
2183166
2026774
2183119
2183168
2183173
1986638
2183113
2183173
2183154
2183165
2182690
1986868
2183175
1986727
2183175
1986868
2183118
2183126
2183165
2026739
2183124
2183181
2183174
2183157
2183185
2183172
2182690
2182690
2026760
2183113
2183165
2183168
1986788
1986727
2183165
2183165
2183173
1986788
2183167
2183173
1986727
2183167
2183173
2183151
1986788
1986727
1986727
2183165
1986727
2183174
2183165
1986788
2183165
2183165
2183165
2183165
2183165
2183165
2183165
2183165
2183173
2183173
2183173
2183171
2183165
2183177
2183172
2182690
2182690
2182690
2183133
2183134
2183131
2183132
2183135
2183173
2183169
2183171
2183169
2026771
2183131
2183132
2183133
2183134
2183135
2183130
2183126
2183124
2183173
2183174
2183171
2183179
2183174
2182670
2183177
2183179
2183167
2183118
2183178
2182686
2183166
2183167
2183124
1986873
2183173
2183173
2183167
2182690
944547
2182690
2183173
2183172
1948568
1948569
1948572
1948567
1948571
1948570
944547
2182702
2183169
1986873
2183166
2182722
2182722
2183178
2182674
2182702
2183121
2183178
2183172
2183166
2183159
2182717
2182678
2182662
2183167
2183167
2183169
2183174
2182717
1913988
2183166
2183167
2183169
2026760
2183137
1986868
2183175
2183200
2183138
2183174
2183121
2183166
2183174
2183167
2026803
2026803
2183177
744980
744980
744980
744980
744980
283165
283165
2182724
2183173
2182690
1913988
2183144
2183171
2183124
2182678
2026774
2183167
2183114
1986726
2183200
1986714
2183126
2183167
2182713
2182713
2182678
2183114
2183166
331678
2026754
386456
2183123
2183174
2182678
2182719
2026792
2183170
2183167
2182702
744980
744980
744980
744980
744980
2182709
2183126
2183141
2183179
2182732
2183125
2026760
2183126
2183169
2183179
2183124
2182711
2026760
2183120
2183176
2183151
2183177
2183124
2026760
2183177
2183126
2182702
2026739
1917430
1917431
2183171
2183126
2183149
2026760
2026788
2183126
2183167
2183120
2183119
2182728
2183126
2182663
2183126
2182690
2183179
2183224
2183126
2182705
2183124
2183193
2183167
2183126
1986772
2183124
2183126
2183167
2183119
1871037
2183168
2183124
2182722
2182722
2183120
2183122
2183180
2183124
2183166
2183124
2183180
2183167
2183124
2183166
2183124
2183119
2183180
2183122
2183166
2183167
2183126
2183180
2183136
2183180
2183124
2183167
2182726
2183124
2182702
2183170
2182678
2182678
2183172
2182705
2183125
2182705
2183173
2183120
2182702
2183166
2183120
2183166
2183193
2183161
2182725
2182725
2183173
2183166
2183179
2182678
2182678
2183137
2182678
2183177
2182690
2183173
2183174
2183166
2183123
2183161
2183179
2183116
2183174
2183170
2183174
2183174
1986772
1986723
2183173
2183165
2183165
2183122
2183166
2183122
2183173
2182980
2183173
2182662
2182699
2182702
2183118
2182690
2182699
2183166
2182726
2182726
2182725
2183170
2183166
1898112
2182690
2182690
2182690
2182702
2183120
1913989
2182702
2183126
2183118
2183171
2183120
1898112
2183171
2183120
2183121
2183125
2183179
2183119
2183165
2183166
2183119
2183165
2183173
2183119
2182702
2183165
2183174
2183126
2182705
1986780
2183178
2182705
2183174
2183168
2183126
2183119
2183174
1913989
2183174
2183167
2183165
2183171
2183177
2183179
2183178
1913989
2183174
2183169
2183173
1913989
2183165
2183172
2183171
1913989
2183165
2183179
2182674
2183166
2183167
2183166
2183169
2183174
2183165
2183167
2183169
2183166
2183167
2183174
744980
744980
744980
744980
744980
283165
283165
2183172
2183172
2183172
2183147
2183172
2182719
2183200
2183172
2183116
2182847
2183175
1986868
2183172
2182702
2183120
1986868
2182684
2182690
2026760
2183172
2183142
2183158
2183172
2183179
1986868
1948518
2182715
2182715
2183122
2183172
2182662
2026760
137722
2183179
2182719
1986868
2183172
2183179
2026785
2183172
2026760
1430440
1986871
2182670
2183172
472
1986871
2026760
2183123
2183171
1904441
2182719
2182719
2183123
2182715
2182715
2183171
2182719
1946049
1946044
1946047
1946046
1946048
1946045
1904441
2183145
1904441
2183122
2183175
1986868
2183172
2183172
1904441
2182722
2182670
2183115
2183172
2183155
1915715
1904441
2183172
1904441
2183125
1871037
2183187
2183172
2183214
2026745
1986871
2183120
2182690
2183172
2183122
283165
283165
1430440
1986871
2183176
2183122
2183172
2183146
2183124
2026760
2183169
2183172
2182690
2183176
2183172
2182705
2182690
2183176
2183172
2182705
2182662
2182682
2182662
2183145
2183181
2182722
2182705
2182722
2183172
2183178
2183147
2183119
2183176
2182705
931276
2182702
2183176
2182690
2182705
2182885
2182690
2182690
2183164
2182705
2182705
2026788
2182662
2183122
2183178
2182682
2182705
2182705
2182705
2183176
2183122
1913989
2182662
2182705
2182711
2182709
2182705
2183172
2183171
2183168
2182709
2182705
2182690
2183177
2183179
2183159
2183172
2182670
2182709
2183176
2182705
2182705
2182709
2183116
2183172
2182705
2183172
2183123
2183172
2182709
2182709
2182705
2183177
2182690
2183172
2182705
2182709
2183172
2183169
2182709
2182709
2183172
2183179
2183172
2182705
2182705
2182709
2182709
2182709
2183172
2182709
2182709
2182705
2183172
2182709
2183172
2183177
2183165
2183172
2182709
2182705
2183161
2183172
2182709
2182709
2182709
2183172
2183172
2182709
2182709
2183172
2182705
2182705
2183172
2182709
2182705
2183172
2182709
2183171
2182709
2183172
2183167
2182705
2182705
2182709
2182709
2183166
2182705
2182705
2182705
2183172
2183172
2183172
2183182
2183171
2182705
2183164
2183163
2183167
2183182
2183180
2182705
2026788
2183200
2026788
2183200
1978231
744980
744980
744980
744980
744980
2183171
2026774
2026788
2183199
2026788
2183199
2183126
2182698
2183140
2024872
2182722
2182722
1913988
1913988
2182678
2183199
2026788
2183199
2026788
1871037
2182702
2183140
125614
1123399
2183171
744980
744980
744980
744980
744980
744980
744980
744980
744980
744980
2183122
2182824
2183191
2183120
2183120
2182711
2183180
2026788
2026788
2026760
1986723
2026788
2026788
2183200
2183157
2183126
2026788
2026788
2026724
2026760
2026788
2026788
2026792
2026767
1913989
2026788
2026788
2026767
2026754
2183126
2026761
2183200
2183200
2183016
2182723
2026788
2026788
2183121
1951142
2026760
2026774
2026774
1054460
2026760
2026788
2026788
2183126
2183182
1951894
2183154
2026788
2026788
198628
1131269
1235798
2183161
2026788
2026788
2183181
2183156
2183161
2026803
2183181
2026788
2026788
2182662
2183157
2026788
2026788
2183145
1986730
2183181
2026788
2026788
2182705
2183182
1961456
2183182
2026788
2026788
2183154
2026788
2026788
159290
2183182
2183154
2026788
2026788
2182662
2183116
2183158
2183161
1871037
2182678
2026788
2026788
2026788
2026788
2183160
2024853
1871037
2183158
2026788
2026788
2183116
1871037
2182726
2183158
2026788
2026788
2183186
2026788
2026788
1986782
2182670
2182670
2182670
2183160
2183152
2182726
2182670
2182670
2182670
2026788
2026788
2183120
2026788
2026788
2182662
2183186
327160
1454004
2026788
2026788
2183118
2183186
2182662
2026788
2026788
1986638
1986658
2026788
2026788
2183159
2183186
2026788
2026788
1913988
2183186
2026788
2026788
1191523
2183155
2026788
2026788
2183159
2026788
2026788
2183126
1986638
2026788
2026788
2026788
2026788
2183154
2026788
2026788
2183154
2026788
2026788
2183171
2026788
2026788
2183154
2026788
2026788
2183158
2026788
2026788
1986638
2026788
2026788
1986638
2026788
2026788
1986638
2026788
2026788
1986638
2026788
2026788
2183200
2026788
2026788
2183154
2026788
2026788
2026742
2026788
2026788
2183154
2026788
2026788
2026788
2026788
1898112
1898112
2026788
2026788
2026788
2026788
2026788
2026788
2026788
2026788
2026788
2026788
1913988
1913988
2026788
2026788
2026788
2026788
2026788
2026788
2026788
2026788
2026788
2026788
2026788
2026788
2026788
2026788
2026788
2183200
2026788
2183200
2026788
2183200
2026788
2183200
2026788
2026788
2183200
2026788
2183200
2026788
2026788
2026788
2183200
2026788
2183200
2026788
2183200
2026788
2183200
2026788
2183200
2026788
2183200
2026788
2026788
2183200
2026788
2183200
2026788
2183200
2026788
2183200
2026788
2183200
2026788
2183200
2026788
2183200
2026788
2183200
2183200
2026788
2183200
2026788
2183200
2026788
2183200
2026788
2026788
2183200
2026788
2183200
2183200
2026788
2183200
2026788
2183200
2026788
2183200
2026788
2183200
2026788
2183200
2026788
2183200
2026788
2183200
2026788
2183200
2026788
2183200
2026788
2026788
2183200
2026788
2183200
2183200
2026788
2183200
2026788
2026788
2183200
2026788
2183200
2026788
2183200
2026788
2183200
2183200
2026788
2183200
2026788
2026788
2183200
2026788
2183200
2026788
2183200
2026788
2183200
2026788
2183200
2026788
2183200
2026788
2183200
2026788
2183200
2026788
2183200
2026788
2183200
2183200
2026788
2183200
2026788
2026788
2183200
2026788
2183200
2026788
2183200
2026788
2183200
2183200
2026788
2183200
2026788
2182670
2183182
2182705
2182705
2182690
1913989
2182711
2182682
1913989
2183122
1913989
2183160
2183122
2182705
1913989
1913989
2183124
2182705
2183124
1913989
2183161
1913989
2183155
2183124
2183124
1913988
1913989
2183182
2026760
2182674
2182722
2182722
2183124
2183145
2182724
2183150
2182678
2183145
2183124
2183173
2183200
2183145
2183182
2183171
2183182
1913989
2183124
2183182
2183124
2182722
2182722
2183124
2183181
2182702
2183171
2183182
2183181
2183124
2183124
2183181
2182824
2183124
2183181
2183180
2183183
2182662
2183124
2182722
2182722
2183124
744980
744980
744980
744980
744980
2182678
2183119
2183182
2183182
2183119
2183145
2183139
2182678
283165
283165
2183123
2182722
2182722
2183139
1913989
2182723
2183150
2182724
2183153
1913989
2182724
2183137
1913989
2183124
2183126
1913989
2183140
2182678
1913989
1913989
2182711
2183142
2183150
2182662
2182662
1913989
1913989
2183119
2183144
2183124
2183122
1913989
1913989
2182678
2182678
1913989
2183127
2026754
1913989
2026739
1913989
2182678
1913989
1913989
2182702
2182702
1913989
2183117
2183114
1913989
1913989
2183140
1986873
2183144
2183144
2182728
2182713
2183115
2183126
2182711
2182678
2026774
2182662
2182662
2183134
2183119
2183144
2183150
2182670
2182670
2182662
2183119
2183114
2182670
2182662
2182662
2183144
2183144
2182724
2183149
2183144
2183144
2183144
2183144
2183144
2183144
2182686
1913989
2182728
2182702
2182702
2182702
2182690
2183179
744980
744980
744980
744980
744980
744980
744980
744980
744980
744980
2183256
2183256
2183158
2183122
2182690
2182662
1871037
2182662
2182711
2183255
2183170
2183171
2183154
2183150
2183119
1986638
2182662
2182662
2183167
2183257
2183256
2183124
2183121
1948449
1898112
1948360
2183256
2183174
2182702
2183119
2183125
1952994
2026803
2182690
2183256
2183255
2183145
2183170
2182701
2183170
2183118
2183155
2183255
2183256
2183257
2183145
2182664
2183232
2183170
2183124
2183256
2183257
2182690
1986868
2183124
2183170
45067
1122164
2183255
2183257
2183256
2183150
2182724
1950644
2183172
2183181
2183124
2183257
2183255
2183256
1952994
2182690
2183124
2183170
2183256
2183126
2026742
2026788
2182690
2183256
1042377
2183124
2183170
2183171
2026774
2183255
2183256
2183257
2183124
2182690
2183168
2183145
2183257
2183170
2182722
2182722
2182728
2183150
2183124
2183145
2183124
2183257
2183256
2183114
2183172
2183172
2183124
2183145
2182724
2183150
2183124
2183171
2183256
2183257
2026773
2183172
2183124
2182824
1948591
2183145
2183256
2183256
2183124
2183180
2183172
1953413
1953412
2183124
2183124
2183256
2183257
2182724
2183172
2183200
1953412
1953413
2183124
2183158
2183124
2183172
2183256
2183257
2183232
2183257
2183124
2026792
1948174
2183124
2026788
1986667
2183122
2183126
2183124
1986845
2183256
2183256
2183122
2182711
2183124
2183126
2026788
2182722
2183116
2183256
2182711
2182668
2182668
2182668
2182668
2183124
2183126
2183145
2183256
2183170
2183126
1040987
266835
2182690
2183145
2183124
1948226
1948173
2182670
2183171
2183257
2183256
2183160
2183124
2183145
2182724
2183150
2183125
2183256
2182666
1948173
1948226
2183174
2182702
2183256
2183257
2182674
390877
2183113
2183124
2183257
2183168
2026786
2182690
2183124
390877
2183257
2183256
2183124
1948173
1948226
2183256
2183257
2182678
2182678
2183124
2183257
2182686
2183141
1948174
2182728
2183122
1948173
1948226
2183257
2182724
2183140
2183122
2024894
1948174
1986723
2183140
1948226
1948173
2026739
1948173
1948226
2182663
2182678
2182678
2182702
1871037
2026796
2183121
513049
513049
1948174
2183116
1948226
1948173
2026788
211165
1948173
1948226
1961442
2024894
2026760
1948174
2183257
1948174
2026788
1948173
1948226
2026796
1948226
1948173
1948173
1948226
1953017
1953018
1948174
1278307
444922
1948173
1948226
1948198
1898112
2026796
2026796
1986758
1913989
2182663
2026739
2183165
2183174
2026739
2182663
2182663
2182663
2026739
2182807
2183167
2182663
2026739
2183180
2026739
2182690
2182829
2026739
2182690
2182663
1904441
2026739
2182863
2182861
2182862
2182752
2183172
2026739
2026739
2183165
2182663
2182663
2182663
2182663
2182663
2183169
1986754
2182663
2183169
2182838
1195236
2183169
2026739
2182838
2183172
2026739
2182814
2182838
2026739
2183174
2182838
2183165
2026739
2182663
2026739
2183165
2182870
2026739
2183165
2182838
2026739
2183168
2182865
2183174
2026739
2182805
2182778
2182798
2182835
2182805
2182679
2182703
2182679
2182663
2182679
2182780
2183165
2183165
2182750
2183165
2182663
2183165
2182679
2182691
2183165
2182663
2183165
2182667
2183165
2183165
2183169
2182663
2182663
2182663
2182663
2182860
2182860
2183167
2182705
2183169
2183174
2182687
2182844
2182687
2182865
2182803
2182860
2182866
2182871
2182873
2182872
2182769
2182814
2182814
2182769
2182814
2183025
2182663
2182663
2182838
2182663
2182700
2182663
2182663
2182777
2182663
2182663
2182849
2182663
2182663
2182663
2182663
2182663
2182663
2182798
2182663
2182839
2182663
2182807
2182750
2182787
2182787
2182787
2182787
2182787
722419
2182750
2182750
272559
1116472
1116472
2182824
1116472
1131266
2183193
2182722
2182722
2182666
2024844
1112274
2182722
2182722
690585
2182722
2182722
1131266
2026739
2182711
2182711
2182713
2182713
2183171
1131266
2182670
1131266
2183155
2183171
2182670
2183171
2026724
2026724
2024844
744980
744980
744980
744980
744980
2183161
2183180
2024844
2183161
2183171
2183161
2024844
1871037
2026724
1986871
2183162
1913989
2026760
2183162
2183163
2024844
2183015
2183161
2183154
2024844
2183154
2183157
2026724
2182698
2182698
2183157
2026724
2026730
2182670
2026724
1946966
1946961
1946964
644295
2026724
2183162
2026724
2026731
2183161
913333
2183164
2183161
1131266
2183161
2183163
1131266
2026724
2183162
2026768
2183164
913333
2183161
2183164
913333
2183161
913333
913333
2183163
2183162
2183161
1131266
886738
2183167
2183164
2182670
2183122
2182711
744980
744980
744980
744980
744980
2182662
2182722
2182722
2182690
2183174
2183165
1112274
2182719
2182662
2182662
2182702
2026739
2183165
2182662
2182690
2183171
2183166
2182690
2182670
2183179
2183171
2183171
2182690
2183179
2182728
2183150
2183119
2182690
2182662
2183165
2183180
2182690
2183171
2183169
2182662
2182662
2183174
2182690
2182682
1871037
2182690
2182711
2183174
2183165
1986871
2183165
2182690
2182711
2026760
2182711
2182690
2183015
2183166
2182690
2183166
2183154
1986772
2182662
2182690
2182698
2182698
2183166
2182662
2183171
2026730
2182662
2182670
2183171
2183171
2182662
2182662
2182662
2182662
2183171
2182690
2183171
2183120
2183119
2182662
2182662
2182662
2182662
2182682
2182662
2182662
2026788
2026788
2026788
2026788
2026788
2026788
2026788
2026788
2182727
2182727
2182727
2182727
2026788
2026788
2182662
2182662
2183167
2183167
2182686
2182686
1986873
1986873
744980
744980
744980
744980
744980
744980
744980
744980
744980
744980
2183199
2026788
2183199
2026788
2026788
2026788
2026788
2026788
2026788
2183200
2026788
2183200
2026788
2183200
2026788
2183200
2026788
2183200
2026788
2183200
2026788
2026788
2026788
2183200
2026788
2183200
2026788
2183200
2026788
2183200
2026788
2183200
2026788
2183200
2183200
2026788
2183200
2026788
2183200
2026788
2183200
2026788
2183200
2026788
2183200
2026788
1986638
1986762
1913989
2026754
2182674
2182690
1913989
1986762
1986638
1986723
2026760
1486257
1948361
1913989
1986762
2182722
2182722
1986638
2182670
1986642
1913989
1986762
2182670
1986638
2183187
1986730
1913989
1986762
1913989
2182670
2182690
1986638
2026760
2183124
1986762
1913989
1986638
2183171
2183124
1986638
2183200
1986868
2026760
1913989
1986762
1913989
1986762
2183124
1986868
2026760
2182713
2182713
1913989
1986638
2183124
1986868
2182702
1986762
1913989
2026803
2183171
2183124
2026788
2183124
2183145
2182722
2182722
1977087
1913989
2026788
2183145
2183124
2182824
2026788
1913989
1986762
2183159
2183145
1986762
1913989
744980
744980
744980
744980
744980
283165
283165
2026724
1986714
2183124
1948682
1950892
2183124
2183145
32024
2183166
2183124
2026754
1951896
2183124
2183124
2183124
2183124
2183145
2183124
2183124
2183119
2183145
2182686
2183139
2182686
2182682
1986772
2182711
2183145
2026739
2182702
2182702
2182702
2182702
2182702
2182702
744980
744980
744980
744980
744980
2183122
2182711
2182722
2182722
2026760
2183114
1986638
1871037
1986871
2183200
1871037
2183200
2182722
2182722
1410676
278991
1871037
1871037
2026760
2026803
1871037
2183200
2026724
2183200
1871037
2183160
1986772
2182722
2182705
2183145
2183116
2026803
1871037
1986638
2026803
2026739
2183116
2026739
1986638
2183116
1986638
2182678
2026739
2183167
2182678
2026739
2026739
2182728
1986638
1986638
2182690
2026733
1978231
2183191
2183191
2182663
2026788
2183256
913333
1913989
2026803
2024844
2026724
1913988
2026795
2182670
2183159
2026724
1986638
2026774
1913989
2183173
1131266
1986638
2026774
1913989
2026803
1869227
1913989
1883427
2024844
2026760
1883427
1948518
2024844
2026724
2026731
2024844
2026724
2026724
2026724
886738
2026724
2183128
2182722
2182722
744980
744980
744980
744980
744980
2182702
2182702
2182702
2182843
2182702
2183171
2026774
2182702
2182702
2182722
2182722
2182702
2182702
2182702
2182702
2182702
1913989
2182702
2183180
2182702
2183156
1986772
2183122
1986772
1986772
2183120
1871037
2182711
1986772
1950624
1950748
1950612
1950624
1950748
1950612
2183120
1871037
2182722
2182722
1986772
2183137
1871037
2182664
2182664
2026788
2026788
1986772
2183137
2182717
857087
2026788
2026788
2182711
2183122
1946049
1946046
1946044
1946048
1946047
1986772
2182711
2026788
2026788
2026788
2182717
1986642
1986642
1986638
2182717
2183186
1986630
1986630
1913989
2026788
1986630
1986630
2026740
2026788
2026788
1986630
1986630
1986630
1986630
2026788
2026788
2026788
2026788
1986630
1986630
1986630
1986630
1986630
1986630
1986630
1986630
1986630
1986630
1986630
1986630
1986630
1986630
1986642
1986642
2026760
2183122
2183122
1986638
2183126
1871037
2183171
2026760
2183165
1913989
2183088
2183166
2183166
2182690
2183166
2183171
2183172
2182726
2182670
2182722
2026760
2182711
2183172
2182719
2182670
2182713
2183172
2182690
349520
2183172
1904441
2026760
2183028
2182723
2183028
2182663
2183116
2024853
817
1196322
2026803
1953269
1961542
1204725
1313421
1049973
1280679
1952878
2021391
865937
195907
1871037
2182711
2182713
1913989
2182713
2182711
2183171
2183122
2182702
2182713
2182662
2182670
2183166
2183123
2183123
2183123
2182662
2182662
2183125
2183116
2182690
2182674
744980
744980
744980
744980
744980
2183122
2182670
1986723
2182711
2182670
2182722
2182722
2182670
2026761
91352
91352
2026767
2026767
2182702
1986723
2182711
2182711
2026760
1986868
2026760
1986723
2182670
1116472
2182663
2182663
2182663
2183147
2182694
2183147
2182663
2183147
2182663
2182700
2183147
2183172
2183172
2026760
2182722
1904441
1871037
1986772
696747
1953258
1904441
1904441
2026760
1913989
2182696
2026760
2026803
2026760
2026760
2026760
1913989
2026739
2182670
2182663
2182711
1986772
2026803
2182690
2182670
2182670
2183125
2182702
2183180
2182690
2182702
2183172
2183172
2183172
2183182
2183122
1986723
2183172
1986638
